1 0.6394230769230769 0.5384615384615384 0.057692307692307696 0.17548076923076922
0 0.44591346153846156 0.5276442307692307 0.3004807692307692 0.6153846153846154
1 0.13341346153846154 0.47596153846153844 0.055288461538461536 0.21394230769230768
1 0.18870192307692307 0.45072115384615385 0.07211538461538461 0.24759615384615385
1 0.5132211538461539 0.46033653846153844 0.13942307692307693 0.3894230769230769
1 0.7632211538461539 0.46153846153846156 0.07451923076923077 0.33653846153846156
1 0.828125 0.44350961538461536 0.0889423076923077 0.3629807692307692
1 0.6995192307692307 0.4338942307692308 0.10576923076923077 0.39663461538461536
1 0.9435096153846154 0.43149038461538464 0.10817307692307693 0.4254807692307692
1 0.3125 0.39663461538461536 0.11298076923076923 0.37740384615384615
1 0.9723557692307693 0.4182692307692308 0.05048076923076923 0.3942307692307692