1 0.640625 0.46875 0.055288461538461536 0.17307692307692307
0 0.44711538461538464 0.46875 0.28846153846153844 0.6105769230769231
1 0.13341346153846154 0.5048076923076923 0.052884615384615384 0.21153846153846154
1 0.18629807692307693 0.5324519230769231 0.0673076923076923 0.24278846153846154
1 0.5108173076923077 0.5396634615384616 0.13221153846153846 0.3870192307692308
1 0.7608173076923077 0.5528846153846154 0.0673076923076923 0.33413461538461536
1 0.8245192307692307 0.5733173076923077 0.08413461538461539 0.3629807692307692
1 0.6959134615384616 0.5769230769230769 0.0985576923076923 0.39663461538461536
1 0.9435096153846154 0.5925480769230769 0.10817307692307693 0.4254807692307692
1 0.3076923076923077 0.5925480769230769 0.10817307692307693 0.37740384615384615
1 0.9723557692307693 0.6081730769230769 0.052884615384615384 0.3894230769230769