1 0.6382211538461539 0.45913461538461536 0.0625 0.17548076923076922
0 0.44591346153846156 0.4723557692307692 0.31009615384615385 0.6201923076923077
1 0.1346153846153846 0.5300480769230769 0.06009615384615385 0.21394230769230768
1 0.18990384615384615 0.5552884615384616 0.07451923076923077 0.24519230769230768
1 0.5144230769230769 0.5384615384615384 0.14423076923076922 0.3918269230769231
1 0.7644230769230769 0.5348557692307693 0.07932692307692307 0.33653846153846156
1 0.8293269230769231 0.5504807692307693 0.09615384615384616 0.3629807692307692
1 0.7007211538461539 0.5625 0.11298076923076923 0.39903846153846156
1 0.9423076923076923 0.5625 0.11057692307692307 0.42788461538461536
1 0.3137019230769231 0.6057692307692307 0.1201923076923077 0.3798076923076923
1 0.9723557692307693 0.5745192307692307 0.05048076923076923 0.3942307692307692