1 0.6033653846153846 0.0985576923076923 0.019230769230769232 0.019230769230769232
1 0.6021634615384616 0.08653846153846154 0.021634615384615384 0.021634615384615384
1 0.6009615384615384 0.12259615384615384 0.021634615384615384 0.03365384615384615
1 0.6045673076923077 0.1814903846153846 0.026442307692307692 0.036057692307692304
1 0.6105769230769231 0.2764423076923077 0.016826923076923076 0.019230769230769232
1 0.6033653846153846 0.1935096153846154 0.028846153846153848 0.026442307692307692
1 0.6213942307692307 0.5504807692307693 0.052884615384615384 0.03125
1 0.6033653846153846 0.32211538461538464 0.04567307692307692 0.026442307692307692
1 0.5985576923076923 0.30408653846153844 0.036057692307692304 0.03125
1 0.625 0.6682692307692307 0.10336538461538461 0.04567307692307692
1 0.5949519230769231 0.25 0.021634615384615384 0.021634615384615384
1 0.6141826923076923 0.5865384615384616 0.0889423076923077 0.04326923076923077
1 0.5889423076923077 0.2860576923076923 0.040865384615384616 0.03125
1 0.5841346153846154 0.2692307692307692 0.036057692307692304 0.019230769230769232
1 0.5745192307692307 0.2536057692307692 0.03365384615384615 0.03125
0 0.5108173076923077 0.48677884615384615 0.7716346153846154 0.9735576923076923