1 0.1141826923076923 0.6514423076923077 0.016826923076923076 0.019230769230769232
1 0.10216346153846154 0.6514423076923077 0.019230769230769232 0.019230769230769232
1 0.13822115384615385 0.6466346153846154 0.03125 0.021634615384615384
1 0.1971153846153846 0.6418269230769231 0.036057692307692304 0.026442307692307692
1 0.2920673076923077 0.6370192307692307 0.019230769230769232 0.014423076923076924
1 0.2091346153846154 0.640625 0.026442307692307692 0.028846153846153848
1 0.5649038461538461 0.6141826923076923 0.03125 0.052884615384615384
1 0.33533653846153844 0.6237980769230769 0.026442307692307692 0.04326923076923077
1 0.3173076923076923 0.6213942307692307 0.03125 0.036057692307692304
1 0.6826923076923077 0.6033653846153846 0.04326923076923077 0.10336538461538461
1 0.26322115384615385 0.6237980769230769 0.019230769230769232 0.019230769230769232
1 0.5997596153846154 0.6033653846153846 0.04326923076923077 0.0889423076923077
1 0.29927884615384615 0.6141826923076923 0.03125 0.040865384615384616
1 0.28125 0.6117788461538461 0.019230769230769232 0.036057692307692304
1 0.2644230769230769 0.6033653846153846 0.03125 0.03365384615384615
0 0.4855769230769231 0.5144230769230769 0.9711538461538461 0.7548076923076923